num_comments
26
116
729
1793
805
1336
411
1907
1907
707
108
1079
1079
10
102
1032
1036
192
980
980
980
393
393
1062
1963
701
203
733
10
773
773
78
1495
378
1069
93
1028
849
492
492
433
433
4539
242
361
335
137
738
75
311
445
226
680
185
905
905
251
667
667
458
942
942
166
446
428
324
324
756
689
119
222
781
593
593
550
620
744
744
911
911
457
581
296
882
525
636
129
283
283
1637
1637
507
507
507
465
465
111
533
427
774
755
578
137
575
458
781
781
557
334
334
220
558
558
604
621
206
206
297
523
354
387
592
719
414
509
292
1245
1245
503
308
308
396
360
278
272
272
246
909
294
294
475
497
882
752
752
362
690
1024
564
1093
610
527
527
250
250
314
1407
656
567
307
178
193
193
129
129
367
193
388
207
774
250
250
652
249
887
306
249
249
181
493
494
313
313
313
180
180
84
586
586
424
824
673
218
358
260
260
654
168
423
257
1011
1011
167
543
543
411
140
140
630
295
295
140
56
624
349
349
206
407
332
178
524
524
466
488
119
294
169
172
298
298
125
445
445
239
242
242
305
305
738
197
197
298
305
305
53
149
724
181
60
706
288
288
271
537
516
516
549
158
635
354
354
388
360
197
257
121
121
436
249
417
417
506
93
375
223
733
733
547
547
146
259
259
534
191
155
675
675
379
517
517
445
445
241
287
80
237
297
241
237
237
212
141
217
217
547
547
120
94
107
234
763
179
763
223
393
316
388
248
156
293
592
592
93
494
2069
197
222
373
179
110
208
208
405
405
204
472
844
844
575
323
141
522
366
366
454
200
200
200
224
155
155
425
266
229
229
258
226
226
169
392
641
138
535
201
391
413
178
376
364
364
57
440
203
148
214
114
114
137
342
342
89
307
121
447
235
473
832
1055
1055
837
512
290
243
243
574
384
209
209
225
286
323
297
117
254
254
260
895
286
511
376
376
153
176
469
1006
870
870
74
107
347
133
124
920
436
847
222
222
95
301
211
430
75
127
142
142
162
520
244
233
186
229
186
186
489
229
508
390
432
95
95
259
259
262
296
463
129
296
269
53
179
45
565
228
228
133
195
160
186
194
337
227
227
170
431
88
88
119
210
86
79
205
518
236
89
156
421
207
278
275
275
363
106
322
532
230
230
151
226
241
265
265
210
434
434
213
224
224
469
308
212
212
241
241
132
79
190
298
250
54
517
392
376
171
149
149
410
340
300
354
97
97
286
286
138
102
127
315
185
650
650
230
379
192
275
590
117
142
95
912
371
912
221
221
257
257
725
171
262
262
126
137
227
227
152
350
209
209
150
150
81
88
162
360
95
194
244
358
358
270
235
196
374
374
144
433
263
348
206
206
78
155
109
109
384
126
92
384
127
172
126
213
264
152
431
431
152
395
194
194
105
1051
474
52
269
32
67
156
231
231
230
230
282
85
61
61
514
497
497
98
98
440
248
570
394
235
169
293
263
221
185
313
381
381
117
211
276
276
172
105
105
351
300
706
336
348
349
144
217
144
144
177
318
279
307
307
180
180
304
639
154
97
373
58
100
193
45
340
535
148
181
188
319
129
129
220
438
438
162
163
162
121
142
153
181
223
332
332
219
461
461
247
163
87
153
131
131
379
174
136
776
123
123
226
781
407
95
753
98
199
519
131
119
119
168
444
157
115
524
265
913
265
913
209
156
1464
94
443
139
244
81
152
152
28
131
131
116
157
157
154
115
340
271
84
147
81
245
147
136
302
224
159
86
481
237
206
688
688
64
447
447
64
542
277
171
171
402
402
130
42
107
107
104
177
177
364
364
215
230
230
335
335
208
197
100
91
90
95
194
85
106
202
175
182
95
125
259
449
653
122
211
118
899
273
165
109
130
387
70
553
124
201
226
180
191
191
169
169
237
127
66
76
288
264
264
168
100
93
397
261
164
242
148
481
481
200
72
123
118
227
227
302
40
274
274
94
94
165
52
70
128
168
132
360
228
124
124
459
121
121
82
113
134
134
237
114
312
104
135
135
195
211
1261
301
220
85
281
137
171
260
128
225
225
110
179
339
558
354
183
181
264
264
44
140
355
82
140
594
594
76
306
90
947
209
54
232
232
795
114
166
239
51
157
157
263
61
270
126
281
159
307
307
432
49
101
131
344
786
140
600
600
41
226
173
36
184
163
163
209
314
314
155
155
26
224
295
89
120
335
93
93
89
57
169
169
187
187
51
26
118
574
125
125
64
107
78
125
174
100
100
137
76
130
147
147
69
332
168
168
182
153
101
97
80
153
175
163
163
153
74
110
477
87
145
67
175
210
606
210
606
316
88
88
139
113
171
113
140
94
242
250
250
138
315
82
381
381
148
114
78
142
105
105
128
152
22
50
164
68
152
128
167
167
93
83
141
87
107
62
190
310
454
454
366
144
310
157
117
509
156
227
87
131
735
401
401
190
198
203
118
108
82
82
205
73
236
236
88
88
138
58
81
477
477
67
77
680
320
258
136
179
106
339
339
99
69
38
169
130
60
616
102
102
527
232
142
485
702
275
115
122
202
371
382
382
91
91
105
135
582
139
244
244
156
99
152
181
490
159
775
188
233
82
92
262
262
114
371
83
53
371
88
88
106
112
80
80
93
135
310
79
113
113
57
178
276
276
296
262
276
142
222
77
69
89
69
91
95
149
275
98
98
175
127
66
94
94
184
119
179
190
307
56
136
136
175
113
113
150
150
154
264
264
745
245
142
240
154
90
112
265
180
180
211
118
118
78
106
58
107
222
184
165
94
70
62
62
240
240
120
324
98
98
505
128
128
62
192
192
74
505
307
139
96
194
96
96
165
165
490
490
126
72
51
321
213
90
51
267
267
299
46
83
83
90
152
152
42
87
107
234
163
105
147
133
14
134
60
149
287
157
157
54
54
127
55
256
143
79
263
485
626
626
381
381
171
221
104
104
97
95
51
141
260
157
497
373
357
357
137
104
104
91
91
126
771
771
165
165
99
99
219
339
150
150
150
169
137
27
169
494
494
91
34
43
275
221
400
400
27
468
468
111
143
149
82
51
244
420
94
94
89
93
205
344
215
468
180
60
115
115
274
105
254
275
275
105
161
161
148
107
107
228
131
117
85
156
88
162
33
385
40
775
35
325
85
63
145
135
51
81
81
475
475
177
190
213
134
119
119
254
141
141
80
99
81
81
183
183
145
1022
89
89
48
262
104
262
104
83
298
47
478
61
229
171
171
126
126
21
61
119
21
447
447
76
164
224
224
177
81
218
163
217
142
142
128
128
79
63
47
139
125
283
192
65
126
126
90
576
87
57
104
104
93
348
166
76
35
128
128
63
109
61
217
217
61
318
40
524
540
112
144
785
62
161
95
95
192
192
139
131
98
66
118
118
48
238
89
10
100
100
44
206
206
166
139
139
113
113
161
210
66
118
118
112
196
342
117
398
398
273
273
140
62
16
88
116
172
140
435
140
435
465
32
328
170
312
55
49
76
148
148
29
255
260
673
94
186
94
219
163
163
169
67
149
162
205
85
115
69
512
73
120
255
49
114
110
110
226
94
436
436
168
168
144
40
245
122
21
108
160
133
184
133
184
124
130
219
219
44
260
260
151
49
217
129
63
73
47
78
97
96
79
82
60
78
136
136
106
92
52
118
97
70
141
40
94
34
83
60
45
91
98
95
95
139
139
139
50
93
130
55
262
164
253
50
272
84
43
33
33
150
85
69
140
2349
80
393
54
108
133
240
240
171
133
59
57
133
133
98
73
216
137
19
445
133
114
18
102
93
73
94
172
159
144
29
81
78
114
257
134
51
32
134
21
87
21
61
1119
40
58
244
244
65
90
174
90
174
25
325
765
138
382
108
25
156
54
56
132
132
35
28
49
425
127
117
94
94
95
309
309
68
29
96
104
96
104
43
39
90
90
105
62
84
38
62
53
98
303
303
97
266
50
238
284
284
55
60
82
456
456
37
72
109
134
461
36
50
55
220
220
220
95
220
68
166
166
34
39
107
292
208
208
160
334
109
109
191
191
76
82
17
546
197
104
104
546
123
38
333
64
60
78
330
73
233
233
75
108
80
80
221
58
106
68
97
240
97
240
198
179
52
138
163
284
284
34
73
255
255
30
243
73
50
388
68
80
259
259
102
102
46
52
46
87
382
198
170
92
88
88
71
94
94
156
213
78
42
94
55
144
127
127
161
289
43
157
146
129
129
260
107
63
139
211
31
197
30
26
26
373
373
45
87
57
160
160
178
178
101
46
96
96
97
46
278
278
342
342
21
405
46
405
55
292
74
55
411
116
29
82
153
120
60
47
119
85
78
82
56
139
258
258
258
35
132
88
88
129
216
286
286
107
113
132
107
119
119
309
57
85
186
107
107
210
210
230
84
126
126
148
148
151
117
24
380
380
45
31
154
67
37
293
293
25
31
135
49
31
32
44
681
88
681
79
102
102
123
123
149
148
105
59
43
103
103
165
165
494
34
313
313
382
382
89
40
137
181
181
29
50
29
66
36
29
20
83
140
61
54
75
498
498
120
101
76
230
230
120
65
63
24
82
127
82
127
50
65
172
252
527
252
527
102
124
149
149
186
236
102
166
39
47
31
18
318
318
31
79
79
283
88
88
95
95
66
66
80
184
95
223
67
184
184
21
116
74
72
123
182
490
188
188
24
19
58
69
120
84
333
188
172
41
50
120
167
167
122
89
51
48
18
130
179
179
55
110
44
129
107
55
61
108
108
30
110
110
69
136
136
20
103
103
419
419
133
133
83
76
75
51
13
142
27
124
171
171
171
74
65
31
51
224
224
133
151
151
82
145
145
85
85
83
29
40
40
72
43
46
40
129
104
104
25
81
20
115
115
126
32
113
300
50
84
84
84
14
106
54
100
100
185
313
251
165
165
40
203
49
27
155
155
63
50
172
172
63
186
46
33
163
43
152
107
64
418
71
51
139
116
69
29
91
137
34
78
53
178
133
82
42
239
45
83
83
86
86
65
25
91
104
40
110
105
105
80
55
42
97
108
576
576
32
28
124
9
143
143
90
39
19
110
69
168
214
139
139
90
362
362
95
160
160
12
67
118
118
95
95
33
103
103
98
98
88
88
79
81
96
466
83
105
61
62
32
10
335
335
67
113
113
66
98
74
31
69
14
95
95
95
16
89
413
57
92
92
211
122
183
78
78
40
39
33
79
79
132
19
136
136
70
13
91
184
41
96
96
60
64
37
100
100
65
11
25
135
135
61
44
139
139
139
115
75
21
13
121
121
126
42
86
86
34
96
22
123
45
106
100
45
45
146
146
20
20
122
58
47
37
173
45
89
89
69
101
36
36
84
57
83
83
17
68
127
68
33
265
90
147
57
81
50
42
111
111
18
96
320
70
110
145
79
79
56
109
80
43
104
76
104
115
73
73
219
219
68
34
28
179
179
51
8
33
47
66
96
117
119
50
115
37
226
226
71
200
200
80
36
46
16
51
49
22
118
129
69
575
575
64
44
406
99
224
38
109
109
211
211
19
28
15
75
150
152
152
67
107
107
14
14
70
97
97
96
83
48
33
36
168
168
16
22
16
94
94
38
93
23
180
180
23
96
96
104
12
259
259
61
94
51
51
99
99
201
201
135
23
56
116
60
14
19
66
32
36
10
93
183
46
53
28
34
63
145
145
103
2653
62
63
55
6
46
16
16
31
51
154
154
63
46
380
181
34
25
25
54
18
36
186
99
47
122
6
59
104
35
355
355
45
50
48
159
19
7
127
127
136
22
26
57
31
17
28
22
24
42
34
22
68
254
9
194
56
9
191
71
254
161
161
46
95
95
101
41
61
23
175
175
12
8
563
15
31
134
108
93
12
37
59
40
101
16
127
127
40
18
91
97
40
42
66
25
55
119
47
41
26
27
8
47
120
70
58
75
115
115
46
65
111
45
132
132
17
16
26
44
17
56
25
239
239
104
43
28
43
243
243
124
23
11
34
113
27
150
113
215
133
78
9
24
46
169
169
104
104
104
18
62
80
80
55
55
172
172
115
115
50
36
22
34
24
40
34
132
29
154
154
16
32
42
87
158
20
55
25
25
19
17
47
111
111
114
9
20
15
47
55
25
58
15
90
90
141
20
100
100
28
24
103
103
67
46
50
24
60
63
8
60
22
80
12
109
10
27
151
15
116
116
393
393
30
49
139
28
84
84
19
9
24
161
161
245
37
32
160
160
48
50
15
68
239
13
79
239
29
29
88
28
58
407
407
16
16
28
24
65
25
27
26
85
39
34
139
139
35
15
105
105
59
59
168
168
67
60
6
200
49
74
143
18
35
47
33
125
16
95
63
14
40
368
368
90
24
39
182
21
194
107
13
35
466
466
292
34
15
19
24
10
92
92
23
9
55
21
9
32
40
18
54
19
179
179
185
32
27
47
301
301
12
12
47
34
38
31
34
24
34
2
32
30
115
115
26
58
30
23
71
49
125
125
45
35
44
107
107
182
54
40
38
46
100
100
112
16
23
113
27
111
66
111
7
26
3
28
51
9
29
95
26
232
232
57
40
2
93
110
154
95
95
56
44
35
57
87
17
19
47
108
40
65
22
42
87
38
82
82
11
69
38
35
160
50
134
56
33
12
36
150
150
11
29
40
92
92
73
82
82
18
22
37
7
4
94
7
61
28
20
40
47
97
97
5
34
23
43
80
85
33
215
8
21
100
37
316
12
11
86
6
24
3497
134
71
89
21
11
59
48
29
4
42
28
29
42
50
83
83
16
16
17
41
55
55
128
128
36
52
157
157
4
88
16
14
161
161
31
196
75
94
94
21
79
107
12
35
106
18
12
43
39
21
5
66
55
24
36
102
102
23
45
54
364
364
85
52
35
10
4
99
59
469
24
28
25
16
73
41
45
101
31
85
85
56
163
62
23
28
5
119
24
43
44
72
29
111
111
34
170
40
37
15
44
26
15
65
55
42
26
27
60
32
11
122
172
55
37
89
25
17
58
13
157
25
182
19
20
107
107
61
15
14
22
18
31
427
427
25
15
27
11
15
319
319
162
26
42
29
102
83
83
35
4
7
31
34
47
37
343
54
54
51
21
34
49
18
25
10
42
1
42
30
27
13
9
47
29
31
21
10
36
10
48
32
16
10
8
208
208
37
55
21
19
38
14
61
55
60
31
12
24
32
127
35
8
23
7
7
12
40
41
12
6
83
83
17
37
25
26
20
5
52
382
13
85
5
44
103
42
56
40
38
57
20
34
19
82
82
82
82
30
36
70
42
11
27
31
15
44
104
104
74
33
40
3
29
163
42
25
19
8
62
62
11
23
33
71
10
14
312
312
15
26
26
18
31
26
50
82
3
33
9
35
12
12
27
17
9
14
39
14
42
40
74
5
91
91
52
13
24
25
235
15
25
136
134
134
53
30
158
158
23
18
14
14
19
17
25
52
16
24
25
12
21
37
11
21
37
20
50
13
89
89
13
22
18
7
29
6
15
24
9
16
30
27
51
15
60
18
16
3
17
31
61
59
21
15
144
3
24
12
7
42
3
29
34
1
8
13
22
13
24
15
10
23
14
36
62
13
6
33
72
25
4
34
681
131
681
131
65
85
85
25
28
25
5
137
31
31
17
23
8
30
30
5
7
8
13
45
3
5
15
26
37
12
42
148
5
27
59
9
33
25
16
37
14
6
17
64
43
11
13
46
46
3
9
44
37
11
442
18
91
91
21
99
11
15
5
10
5
26
35
26
25
13
9
24
26
47
28
17
77
28
11
50
11
14
28
131
24
14
10
31
181
181
93
35
20
11
39
10
160
87
87
6
27
40
27
28
23
9
5
51
59
36
23
23
17
1
7
17
32
12
19
14
52
9
22
10
43
12
27
24
32
6
30
150
150
23
22
59
13
22
131
12
19
15
30
15
54
43
16
24
34
22
50
24
43
43
12
29
29
52
31
14
11
10
8
11
15
6
20
32
8
18
8
27
8
11
10
9
97
17
9
19
34
61
51
24
18
17
15
18
5
27
30
8
31
14
37
14
5
38
89
89
46
33
9
19
23
21
13
11
109
109
9
6
22
10
14
49
11
19
20
11
13
19
95
7
12
3
9
81
81
181
181
48
55
6
34
31
35
10
23
42
14
43
31
18
40
40
3
7
7
40
22
63
50
9
13
19
6
10
11
6
4
52
58
38
13
49
42
11
36
7
27
21
22
17
1
15
5
2
10
5
13
13
17
9
8
57
23
38
14
31
9
31
13
29
59
75
11
22
10
218
218
18
35
40
14
6
17
158
27
9
9
92
12
8
20
2
34
31
22
5
62
4
18
24
21
10
40
33
24
42
11
7
30
7
6
84
3
28
4
28
12
18
16
28
17
18
25
10
26
29
24
20
57
14
3
23
3
10
24
7
7
141
38
10
11
15
11
24
4
16
8
13
13
16
55
33
3
17
13
13
17
17
21
6
29
82
19
22
20
11
23
4
8
6
3
13
7
10
7
5
20
5
10
10
6
3
16
22
13
4
27
23
21
17
12
14
20
11
1
28
16
19
32
32
161
65
56
22
13
10
5
9
26
20
13
67
76
35
24
25
15
7
12
42
95
95
23
37
3
21
42
13
15
31
37
11
26
38
16
16
26
23
1
4
32
4
11
16
29
9
1
13
11
12
20
16
24
9
16
76
11
14
9
10
7
4
8
13
10
11
9
17
7
20
11
19
17
1
14
6
18
166
166
6
43
10
9
1
15
21
44
22
8
24
15
24
18
16
6
4
10
24
3
22
21
4
28
22
3
14
10
140
7
7
25
2
18
119
119
25
26
25
24
52
1
6
68
17
31
32
7
18
17
17
10
4
56
4
7
5
37
8
6
15
8
132
132
21
7
41
41
39
19
3
13
4
4
5
9
31
7
19
5
2
29
7
13
6
7
35
18
2
18
8
23
11
13
16
3
6
8
15
13
22
71
3
1
71
4
6
1
34
27
9
2
13
12
16
7
35
10
21
7
48
179
12
2
8
21
30
11
6
4
18
13
7
13
29
48
7
58
6
6
6
15
4
58
108
108
41
27
53
2
39
12
5
7
6
16
10
12
8
2
7
19
30
17
2
5
37
16
5
15
14
12
38
7
6
100
8
15
19
11
20
7
19
11
15
27
28
11
3
9
26
21
13
22
15
11
3
19
4
16
20
3
94
9
38
35
34
11
4
51
10
6
25
13
5
12
10
21
84
84
6
51
6
65
12
14
5
16
8
8
15
8
8
42
15
15
36
7
79
9
16
7
9
10
5
136
9
48
12
6
16
8
3
38
38
21
25
47
2
18
8
305
305
20
6
20
27
11
49
31
2
11
20
22
12
12
30
20
43
24
26
7
13
24
1
7
30
9
13
90
9
15
26
9
10
16
3
1
1
24
24
4
4
17
24
3
31
11
28
10
4
60
31
3
28
5
49
12
3
9
13
1
28
42
13
3
18
15
11
102
102
40
22
102
17
3
4
23
19
5
34
7
38
25
18
23
87
87
7
23
11
63
2
4
21
21
13
19
8
2
15
21
12
11
15
8
11
10
15
39
17
4
14
3
26
50
4
5
32
40
18
1
6
12
11
10
43
41
12
12
5
14
7
5
4
14
3
9
15
6
3
1
12
3
14
10
8
11
17
7
19
7
22
5
47
8
19
11
2
1
18
40
8
36
38
3
19
25
3
18
8
8
16
10
19
15
3
10
9
14
10
5
25
72
27
13
6
7
8
17
122
122
24
2
53
53
6
13
23
26
5
13
4
10
6
13
3
3
5
4
23
8
9
9
31
18
21
11
27
14
1
4
11
11
2
5
1
4
19
14
10
22
25
26
34
6
35
9
8
9
6
10
20
8
7
13
17
3
8
20
3
3
5
9
2
10
2
1
22
1
2
16
32
7
3
26
4
5
8
2
22
13
14
6
11
2
10
14
14
7
2
3
8
6
7
15
5
2
15
26
5
23
7
82
15
6
5
11
27
5
9
2
17
21
5
17
32
31
1
35
12
17
6
43
1
2
9
7
6
16
7
10
33
7
13
25
13
5
4
4
33
3
15
5
3
7
6
152
152
3
5
11
13
15
3
58
10
35
20
17
6
5
11
7
2
3
37
2
5
14
2
9
12
5
7
7
5
16
12
15
25
2
9
2
9
12
5
19
3
7
12
9
6
10
9
7
9
5
95
95
13
5
106
106
16
12
44
2
16
22
8
1
9
6
36
4
2
9
5
3
10
25
9
2
3
11
6
8
7
8
8
15
8
4
2
2
4
8
12
6
2
5
12
2
12
10
2
2
8
9
4
2
31
7
25
13
6
7
11
5
1
9
10
4
10
27
1
8
15
13
6
13
11
10
9
25
3
13
6
5
4
14
10
5
8
3
17
16
46
12
6
21
31
5
16
32
7
14
5
32
38
7
16
5
28
4
5
5
19
15
12
13
18
18
16
28
7
7
14
85
61
20
3
6
1
18
3
4
8
1
11
4
10
6
3
12
13
20
4
3
16
2
2
11
2
9
13
2
10
2
8
5
2
3
7
16
108
108
7
8
28
3
6
9
30
15
27
10
22
1
24
46
9
12
3
4
17
9
24
4
21
4
21
8
13
7
7
13
8
7
8
4
16
5
11
5
4
3
37
26
4
3
14
12
2
3
16
14
28
11
16
7
19
28
13
10
6
11
23
13
6
7
8
29
9
8
110
110
6
35
19
12
26
8
7
18
1
9
5
4
1
2
6
11
83
83
1
15
1
18
2
3
12
18
12
4
8
52
2
6
2
5
4
14
3
5
10
11
4
4
1
4
12
25
2
1
7
3
23
7
17
10
27
9
14
8
8
14
4
16
16
6
5
9
11
10
5
8
3
7
13
4
13
11
72
14
13
8
12
5
7
13
8
7
8
14
4
7
6
28
7
16
25
2
2
1
8
9
8
2
4
21
5
1
21
12
6
9
8
10
2
13
10
28
5
1
4
4
2
6
9
1
7
4
4
4
7
21
19
18
5
18
7
10
6
1
7
13
6
4
4
18
1
10
4
3
14
16
3
7
2
4
8
8
6
9
6
7
7
2
15
6
3
1
19
5
10
10
4
6
7
6
7
4
2
8
2
2
5
40
9
9
10
2
7
6
5
2
7
1
1
19
2
2
6
1
6
5
6
1
4
8
2
2
10
14
6
10
2
1
22
10
3
14
1
7
24
9
4
40
6
1
7
15
22
3
3
4
2
3
2
9
4
9
3
12
3
12
5
4
5
6
4
2
1
7
7
24
3
5
11
3
9
6
9
3
8
2
4
12
10
7
7
3
9
5
3
8
9
4
4
114
12
10
5
10
3
7
17
7
2
17
16
3
3
11
11
4
8
19
2
1
2
28
3
10
6
2
8
7
4
2
5
11
5
6
10
1
8
5
6
2
4
4
1
8
1
15
24
3
3
6
4
16
11
3
18
1
15
5
5
7
3
3
3
30
5
17
11
9
5
3
7
3
1
8
4
1
3
3
5
7
4
7
12
7
1
4
2
1
4
2
8
33
14
2
9
2
10
5
7
4
3
1
7
11
25
9
10
7
2
9
6
18
3
2
21
5
8
3
15
7
8
3
4
5
2
29
2
1
3
2
3
5
10
4
5
4
12
2
1
12
20
4
4
1
3
14
5
8
3
22
3
3
16
14
3
5
14
6
11
9
6
8
5
3
4
9
3
9
3
18
2
12
2
11
7
4
5
5
3
6
10
4
5
8
5
2
6
12
4
2
8
1
1
2
4
5
4
1
11
4
3
1
3
6
9
3
10
10
6
1
3
12
6
14
10
5
12
5
5
8
7
5
16
3
6
1
4
8
3
3
4
23
7
4
7
5
4
7
7
10
3
5
6
1
2
13
1
7
18
11
16
10
1
5
2
1
24
9
2
6
6
10
4
6
2
9
5
6
2
5
4
8
5
17
5
1
6
6
8
6
5
19
4
3
2
1
1
1
4
6
8
5
5
4
1
1
2
2
1
16
8
1
10
8
4
1
5
1
4
4
4
1
1
2
7
2
13
6
2
1
1
11
1
1
12
6
7
2
1
7
6
2
8
9
3
4
15
8
5
2
1
1
1
4
1
3
6
3
5
4
5
24
7
4
19
4
2
2
8
17
1
1
6
11
7
4
6
2
25
1
6
1
25
5
5
6
4
10
10
5
12
3
1
4
7
11
4
3
1
3
11
1
2
1
5
25
11
2
5
4
2
1
1
1
6
2
6
18
1
4
9
2
12
15
1
7
6
8
3
15
1
11
3
1
2
7
4
7
4
1
2
5
2
9
2
1
10
6
1
1
3
6
8
5
4
2
6
3
15
2
4
7
2
4
3
1
18
33
10
8
8
2
5
1
6
2
3
1
6
2
1
3
9
1
2
7
1
3
2
5
7
6
2
4
1
3
2
7
1
6
2
2
7
7
4
4
1
4
14
6
4
6
3
14
4
1
3
4
4
7
2
3
8
11
13
1
1
1
2
3
3
5
4
7
4
3
2
1
3
2
3
5
3
9
2
9
5
14
14
4
2
15
2
8
4
7
5
3
2
4
1
2
3
3
2
6
13
3
4
3
2
12
3
1
3
3
7
4
2
2
3
6
3
14
7
1
4
9
5
1
6
15
4
12
2
6
16
4
3
2
11
4
4
9
8
3
5
4
5
14
6
4
4
15
1
4
1
10
6
2
22
3
3
5
3
1
15
4
1
3
29
2
16
10
1
12
8
15
10
6
1
2
5
1
30
3
1
4
2
1
2
6
2
7
4
11
2
6
7
3
3
2
2
4
1
9
1
2
11
4
7
3
1
4
3
5
1
6
1
3
8
6
2
1
4
4
10
4
1
1
1
4
1
7
1
11
1
2
1
2
15
5
8
2
15
5
8
3
9
3
1
12
4
6
2
10
9
2
4
1
4
3
6
3
2
7
6
3
2
3
4
2
3
6
2
3
2
4
7
12
11
8
6
4
8
3
2
2
5
2
2
5
4
3
6
2
1
5
1
5
1
1
1
3
18
11
6
2
10
3
2
2
5
1
1
3
5
1
7
3
2
3
3
1
1
4
11
4
4
1
6
5
4
7
2
2
4
9
3
10
3
3
10
7
4
3
2
3
4
3
1
3
7
1
9
9
3
4
2
4
4
5
5
2
1
2
4
2
5
1
1
3
21
7
7
9
10
9
2
1
3
22
4
3
4
2
2
2
4
3
1
4
1
11
6
7
4
2
9
6
24
1
12
1
11
5
1
5
1
10
2
1
2
2
3
4
1
3
12
1
6
16
3
3
20
9
5
1
2
5
1
6
6
2
4
3
4
4
2
1
19
3
6
19
1
2
14
11
1
2
1
1
8
1
2
2
7
5
9
2
2
1
1
5
9
1
4
3
5
9
2
6
1
6
5
4
5
1
4
10
3
3
1
1
2
7
1
7
3
2
5
8
3
3
1
14
8
1
3
3
5
17
4
8
3
4
6
8
1
1
5
1
5
3
2
8
1
5
3
3
2
1
1
3
3
1
4
10
1
4
15
27
4
4
4
1
10
4
2
12
3
1
4
1
2
1
3
41
1
1
10
1
3
7
1
1
4
3
4
2
2
2
1
5
1
1
2
3
12
2
6
3
1
3
3
4
6
4
2
3
6
8
6
9
2
1
1
4
1
9
1
1
1
3
1
4
3
7
3
8
9
2
1
5
3
4
3
5
2
3
2
3
2
6
7
1
3
2
5
1
1
2
9
2
2
3
1
3
18
1
9
5
6
3
1
1
2
1
2
2
2
3
6
3
3
2
3
6
2
4
2
1
3
14
2
3
5
2
14
3
2
2
1
7
1
3
3
7
1
6
2
2
5
1
2
2
4
8
21
2
2
3
10
1
6
2
11
1
2
1
11
2
8
4
3
3
3
1
9
4
2
3
6
9
2
1
3
2
1
2
2
1
7
1
1
2
1
7
8
7
2
1
1
1
5
8
2
3
12
1
2
7
2
1
2
1
3
1
12
5
9
3
1
2
4
2
6
1
1
1
2
1
1
1
1
3
5
5
2
3
1
1
4
3
3
3
5
6
2
3
3
3
8
1
5
12
6
4
1
2
3
8
2
1
1
1
3
12
1
3
17
6
26
1
6
4
2
5
2
11
7
12
2
1
5
1
2
5
8
1
3
5
2
3
3
2
2
1
1
3
1
3
2
4
1
1
1
3
1
1
3
2
19
11
2
2
10
4
2
1
3
8
11
4
3
6
2
1
1
2
2
1
2
1
7
4
4
1
7
1
1
1
1
1
12
1
4
1
2
4
4
11
2
1
3
4
2
12
3
1
1
1
3
16
1
2
1
1
1
6
2
3
3
1
1
4
2
2
5
5
8
3
1
10
3
6
5
2
4
1
2
1
4
3
2
2
1
1
2
8
1
4
6
1
2
2
3
1
1
7
3
7
2
1
7
2
5
1
3
1
1
1
5
2
4
2
5
3
6
2
1
1
1
1
1
1
1
2
2
4
11
1
2
3
1
2
1
1
2
1
3
1
14
1
5
1
1
1
1
2
1
8
1
1
2
2
1
1
2
2
2
8
1
1
1
3
2
1
3
4
1
6
1
1
1
1
1
2
4
2
1
3
1
3
34
4
1
1
