score
32970
30465
30226
29215
27238
24686
24360
24149
24149
23409
23033
22518
22514
22404
21575
21324
21059
20942
20908
20908
20902
20728
20728
20364
19866
19515
19395
18777
18198
17637
17637
17254
17148
17121
17084
17064
16599
16531
16348
16342
16292
16292
16113
16019
15927
15725
15628
15625
15350
15228
15138
15128
15106
15075
14980
14980
14896
14895
14895
14839
14821
14821
14796
14781
14507
14359
14359
14316
14303
14279
14279
14277
14225
14225
14219
14201
14133
14133
14062
14062
14046
14032
14011
13939
13932
13902
13745
13744
13744
13707
13706
13653
13649
13649
13627
13627
13584
13516
13512
13508
13414
13329
13266
13262
13238
13235
13235
13232
13157
13157
13096
13087
13087
13054
13042
12990
12990
12971
12959
12931
12911
12875
12814
12784
12778
12776
12725
12725
12703
12680
12680
12652
12604
12604
12583
12583
12577
12535
12532
12532
12531
12462
12461
12455
12452
12438
12411
12387
12333
12321
12310
12303
12303
12281
12281
12229
12210
12201
12175
12168
12167
12160
12160
12159
12157
12151
12150
12149
12148
12114
12106
12104
12092
12088
12086
12013
11991
11991
11971
11940
11937
11937
11937
11931
11909
11907
11903
11899
11899
11892
11891
11883
11882
11876
11867
11867
11833
11832
11818
11817
11798
11797
11796
11791
11791
11788
11769
11769
11766
11766
11766
11761
11740
11690
11681
11681
11654
11638
11624
11601
11553
11553
11528
11523
11519
11514
11478
11476
11448
11448
11414
11412
11412
11406
11402
11402
11355
11353
11349
11330
11330
11308
11297
11297
11285
11248
11233
11198
11193
11166
11161
11161
11147
11128
11127
11127
11103
11078
11040
11036
11036
11032
11032
11021
11015
11011
11011
11005
10974
10961
10961
10957
10955
10921
10913
10900
10897
10874
10874
10872
10848
10848
10840
10839
10827
10815
10815
10813
10789
10789
10781
10781
10758
10753
10713
10708
10707
10707
10707
10707
10706
10695
10689
10689
10685
10685
10677
10677
10646
10613
10610
10604
10604
10601
10594
10589
10572
10553
10542
10519
10491
10491
10483
10480
10464
10446
10444
10435
10429
10404
10394
10392
10383
10383
10378
10376
10353
10353
10335
10332
10326
10305
10291
10291
10289
10273
10269
10269
10267
10252
10252
10246
10245
10238
10238
10229
10213
10213
10201
10188
10171
10167
10159
10159
10153
10135
10110
10090
10068
10068
10046
10036
10018
10017
10016
10001
10001
9986
9978
9978
9971
9969
9965
9949
9941
9926
9923
9918
9918
9910
9892
9877
9877
9877
9871
9868
9865
9865
9860
9858
9853
9845
9839
9833
9833
9829
9814
9810
9786
9770
9768
9750
9745
9738
9735
9725
9725
9723
9705
9702
9701
9695
9688
9684
9678
9673
9673
9661
9656
9616
9615
9604
9603
9603
9603
9601
9597
9597
9584
9575
9574
9571
9571
9569
9568
9565
9562
9561
9561
9561
9553
9553
9539
9534
9531
9528
9528
9524
9494
9492
9488
9463
9456
9456
9455
9437
9432
9405
9389
9385
9385
9385
9380
9377
9374
9374
9372
9371
9370
9350
9344
9343
9341
9340
9335
9333
9306
9306
9272
9272
9270
9270
9269
9263
9263
9263
9261
9255
9246
9241
9241
9239
9238
9238
9234
9226
9226
9223
9211
9209
9209
9197
9197
9189
9185
9179
9179
9179
9175
9163
9163
9154
9149
9127
9127
9116
9109
9100
9097
9096
9096
9086
9086
9084
9077
9065
9063
9062
9046
9046
9040
9040
9039
9036
9033
9029
9027
9024
8986
8983
8983
8973
8973
8970
8970
8966
8965
8962
8962
8960
8950
8946
8946
8945
8936
8925
8920
8919
8919
8917
8899
8896
8892
8891
8890
8886
8881
8881
8877
8876
8875
8871
8871
8858
8853
8845
8843
8837
8835
8832
8815
8815
8815
8814
8809
8806
8803
8802
8801
8799
8798
8787
8787
8784
8784
8779
8778
8774
8774
8772
8765
8763
8763
8762
8758
8758
8744
8739
8739
8729
8729
8698
8689
8667
8666
8664
8657
8656
8654
8654
8648
8647
8646
8646
8643
8642
8636
8634
8632
8627
8621
8619
8619
8617
8608
8606
8606
8603
8589
8589
8587
8572
8567
8565
8565
8559
8553
8551
8547
8547
8546
8531
8505
8501
8501
8496
8495
8493
8489
8480
8478
8477
8471
8469
8463
8453
8450
8447
8444
8437
8434
8421
8421
8421
8418
8417
8417
8410
8407
8406
8404
8401
8397
8391
8388
8386
8386
8375
8372
8372
8370
8367
8365
8359
8358
8358
8357
8356
8349
8339
8339
8339
8331
8330
8328
8326
8320
8317
8313
8313
8309
8300
8300
8295
8294
8286
8284
8279
8273
8273
8273
8273
8272
8270
8266
8261
8248
8232
8231
8228
8221
8221
8217
8209
8209
8207
8206
8206
8204
8199
8196
8192
8188
8185
8182
8173
8167
8164
8162
8153
8152
8142
8142
8141
8138
8130
8130
8129
8124
8124
8122
8118
8111
8111
8111
8110
8110
8106
8100
8094
8094
8093
8088
8084
8084
8084
8076
8075
8075
8068
8068
8066
8066
8048
8045
8042
8024
8019
8018
8015
8011
8002
8000
7997
7987
7986
7985
7977
7976
7939
7936
7934
7933
7933
7932
7930
7927
7925
7922
7913
7899
7899
7894
7885
7885
7877
7877
7872
7863
7851
7849
7843
7842
7842
7839
7832
7824
7812
7809
7807
7802
7788
7787
7787
7783
7774
7762
7755
7755
7755
7746
7743
7743
7741
7741
7741
7736
7735
7734
7731
7725
7719
7718
7718
7708
7708
7706
7706
7706
7702
7702
7695
7695
7690
7684
7680
7680
7679
7679
7675
7672
7671
7671
7670
7665
7662
7655
7655
7652
7649
7637
7637
7627
7626
7625
7618
7603
7601
7599
7598
7598
7594
7593
7593
7587
7578
7576
7576
7568
7567
7567
7566
7561
7557
7554
7554
7553
7549
7547
7546
7545
7541
7541
7539
7538
7536
7535
7532
7526
7507
7507
7506
7497
7490
7483
7480
7479
7473
7473
7473
7468
7462
7460
7460
7459
7454
7451
7446
7446
7446
7441
7441
7440
7436
7435
7435
7428
7426
7426
7426
7424
7422
7422
7422
7419
7419
7418
7417
7415
7408
7399
7399
7396
7396
7394
7393
7383
7382
7382
7378
7374
7372
7368
7368
7361
7359
7357
7357
7354
7347
7346
7344
7340
7339
7336
7329
7329
7328
7324
7323
7321
7318
7313
7313
7312
7312
7312
7312
7312
7311
7309
7309
7307
7306
7305
7304
7302
7297
7297
7295
7295
7294
7292
7292
7286
7286
7281
7276
7268
7264
7256
7256
7255
7252
7252
7252
7251
7251
7250
7247
7246
7246
7242
7238
7236
7220
7219
7212
7206
7205
7204
7204
7203
7203
7203
7200
7199
7194
7183
7172
7165
7161
7160
7158
7158
7152
7150
7147
7146
7146
7145
7145
7143
7142
7141
7141
7137
7137
7131
7123
7113
7112
7112
7109
7099
7091
7084
7071
7070
7068
7068
7066
7066
7063
7059
7057
7052
7049
7046
7043
7042
7039
7039
7037
7030
7026
7023
7017
7007
6998
6998
6998
6995
6995
6994
6994
6988
6986
6985
6984
6980
6980
6978
6972
6970
6964
6958
6955
6951
6946
6932
6931
6930
6929
6929
6920
6915
6914
6913
6908
6908
6908
6904
6898
6897
6897
6891
6881
6872
6870
6870
6870
6864
6859
6856
6856
6855
6855
6852
6840
6835
6834
6833
6833
6829
6824
6823
6822
6820
6817
6817
6800
6795
6791
6789
6789
6787
6777
6772
6769
6761
6755
6755
6755
6753
6751
6751
6750
6750
6745
6744
6744
6742
6738
6737
6731
6729
6728
6727
6725
6716
6716
6712
6711
6711
6709
6705
6701
6699
6698
6696
6695
6692
6692
6691
6690
6689
6689
6681
6675
6669
6669
6668
6668
6668
6667
6666
6666
6659
6659
6658
6657
6657
6650
6648
6648
6645
6645
6636
6636
6634
6627
6624
6621
6619
6617
6616
6616
6616
6614
6611
6599
6599
6598
6597
6597
6588
6581
6577
6576
6568
6566
6565
6563
6561
6561
6558
6558
6554
6553
6553
6551
6542
6534
6524
6522
6521
6520
6516
6510
6508
6508
6507
6507
6505
6503
6503
6503
6496
6494
6491
6488
6488
6483
6482
6481
6481
6481
6477
6476
6476
6475
6475
6474
6468
6468
6467
6467
6466
6466
6461
6460
6459
6457
6457
6454
6447
6443
6440
6431
6431
6430
6427
6426
6421
6418
6411
6411
6405
6402
6402
6401
6396
6394
6391
6389
6383
6381
6381
6381
6379
6377
6373
6372
6370
6363
6362
6360
6358
6354
6352
6352
6351
6347
6347
6342
6342
6342
6329
6329
6329
6321
6314
6307
6304
6298
6295
6295
6292
6291
6282
6281
6278
6278
6276
6275
6273
6272
6269
6263
6263
6259
6259
6253
6252
6250
6248
6247
6247
6245
6245
6245
6236
6233
6232
6230
6227
6227
6222
6221
6221
6221
6214
6213
6213
6213
6213
6211
6210
6207
6202
6201
6196
6193
6193
6190
6190
6181
6181
6180
6179
6168
6168
6161
6161
6147
6147
6146
6133
6132
6131
6128
6121
6121
6115
6115
6114
6113
6111
6109
6105
6101
6099
6099
6099
6099
6087
6069
6061
6059
6057
6057
6046
6044
6040
6039
6035
6029
6029
6020
6016
6013
6012
6012
6007
6006
6006
5996
5993
5973
5971
5968
5968
5966
5965
5965
5962
5962
5957
5957
5953
5949
5944
5944
5938
5937
5935
5933
5930
5930
5926
5926
5926
5925
5925
5925
5922
5922
5915
5913
5911
5904
5904
5902
5900
5899
5896
5896
5894
5889
5889
5887
5887
5886
5886
5883
5880
5880
5880
5880
5880
5877
5864
5863
5862
5861
5860
5854
5851
5848
5848
5841
5834
5833
5832
5831
5828
5828
5827
5814
5812
5810
5807
5806
5795
5794
5789
5789
5789
5787
5783
5779
5778
5769
5766
5765
5765
5764
5763
5763
5763
5755
5755
5753
5750
5750
5748
5744
5738
5737
5735
5734
5734
5733
5732
5731
5731
5731
5723
5722
5722
5716
5716
5713
5693
5692
5692
5688
5687
5684
5680
5679
5671
5669
5669
5662
5662
5661
5658
5657
5649
5649
5645
5642
5638
5637
5633
5633
5626
5611
5611
5610
5609
5608
5608
5608
5605
5603
5602
5600
5596
5592
5590
5589
5589
5586
5585
5581
5580
5576
5572
5566
5565
5549
5548
5547
5543
5538
5524
5524
5524
5524
5522
5521
5520
5518
5517
5517
5511
5505
5504
5503
5501
5499
5497
5497
5495
5493
5487
5483
5474
5474
5467
5467
5464
5464
5459
5459
5457
5453
5453
5452
5447
5444
5443
5440
5439
5439
5436
5430
5429
5429
5428
5427
5427
5427
5427
5423
5422
5421
5415
5414
5413
5406
5404
5397
5391
5390
5390
5387
5385
5385
5378
5367
5361
5354
5354
5346
5346
5346
5337
5337
5333
5333
5333
5333
5332
5331
5325
5325
5321
5319
5315
5315
5313
5313
5310
5307
5301
5300
5299
5297
5294
5291
5291
5290
5287
5284
5275
5275
5274
5270
5270
5269
5269
5258
5258
5256
5249
5249
5243
5236
5236
5235
5226
5226
5224
5223
5216
5214
5203
5203
5198
5192
5189
5185
5185
5185
5184
5182
5181
5180
5179
5177
5177
5176
5175
5173
5173
5168
5157
5150
5142
5136
5128
5128
5125
5124
5122
5122
5121
5121
5118
5113
5113
5113
5113
5113
5111
5110
5107
5106
5105
5093
5093
5092
5092
5091
5091
5088
5087
5076
5075
5073
5068
5066
5061
5061
5059
5059
5058
5058
5057
5048
5046
5041
5035
5033
5033
5033
5028
5018
5012
4995
4986
4978
4974
4968
4960
4959
4959
4959
4957
4949
4944
4943
4941
4941
4941
4938
4934
4926
4923
4923
4922
4921
4920
4918
4913
4912
4912
4910
4909
4905
4905
4905
4901
4901
4897
4896
4896
4896
4893
4890
4885
4885
4877
4877
4876
4875
4874
4869
4856
4855
4855
4855
4842
4842
4838
4837
4833
4814
4809
4803
4803
4796
4794
4793
4789
4789
4788
4788
4785
4782
4780
4777
4777
4776
4775
4772
4772
4770
4762
4758
4756
4754
4754
4752
4743
4740
4740
4738
4738
4735
4735
4732
4729
4723
4723
4719
4719
4715
4715
4711
4709
4709
4706
4705
4686
4672
4672
4667
4667
4665
4662
4656
4656
4651
4648
4643
4636
4632
4632
4629
4627
4627
4622
4622
4618
4614
4612
4610
4600
4597
4597
4593
4593
4592
4589
4587
4587
4586
4586
4585
4582
4581
4580
4580
4579
4578
4576
4571
4571
4568
4567
4567
4566
4565
4558
4550
4549
4549
4547
4545
4544
4543
4543
4542
4542
4542
4541
4537
4537
4537
4537
4536
4532
4531
4527
4527
4527
4527
4516
4515
4506
4506
4498
4497
4495
4491
4487
4484
4475
4473
4471
4471
4470
4467
4467
4466
4464
4464
4463
4463
4461
4460
4459
4459
4458
4457
4456
4456
4456
4445
4444
4440
4440
4425
4421
4418
4418
4418
4416
4414
4414
4400
4398
4395
4393
4387
4385
4381
4380
4378
4371
4371
4369
4368
4368
4365
4363
4363
4363
4363
4360
4356
4356
4354
4354
4354
4354
4353
4353
4352
4352
4352
4351
4351
4351
4343
4335
4335
4332
4332
4329
4329
4328
4325
4323
4321
4320
4318
4309
4296
4290
4285
4285
4284
4283
4279
4272
4268
4268
4267
4265
4265
4261
4260
4260
4255
4255
4250
4248
4247
4242
4238
4233
4232
4229
4223
4216
4216
4210
4207
4204
4199
4199
4191
4189
4182
4167
4160
4154
4154
4154
4153
4153
4149
4148
4148
4139
4136
4128
4122
4122
4121
4121
4119
4118
4112
4112
4111
4111
4111
4111
4110
4110
4107
4106
4105
4102
4099
4091
4089
4088
4087
4087
4084
4077
4075
4075
4071
4069
4068
4064
4063
4062
4056
4050
4049
4043
4039
4035
4035
4031
4031
4027
4024
4024
4023
4023
4020
4018
4018
4017
4013
4011
4008
4000
4000
4000
3995
3989
3986
3984
3973
3973
3972
3967
3962
3962
3961
3960
3959
3959
3959
3957
3954
3954
3953
3953
3953
3952
3951
3951
3951
3950
3949
3940
3938
3938
3933
3933
3929
3929
3928
3924
3921
3919
3917
3917
3912
3908
3905
3904
3900
3900
3897
3895
3895
3893
3891
3887
3887
3886
3882
3879
3879
3878
3875
3873
3872
3872
3861
3861
3858
3857
3852
3852
3852
3845
3844
3840
3833
3833
3829
3824
3818
3818
3815
3804
3792
3790
3786
3782
3782
3781
3780
3778
3777
3777
3775
3763
3763
3763
3763
3762
3758
3755
3755
3753
3749
3749
3748
3742
3742
3742
3736
3733
3726
3726
3716
3712
3711
3709
3707
3705
3704
3703
3703
3702
3702
3698
3697
3693
3693
3691
3689
3682
3680
3679
3679
3678
3675
3673
3666
3665
3664
3662
3662
3661
3659
3658
3657
3653
3651
3651
3650
3649
3643
3641
3639
3639
3639
3637
3630
3626
3624
3624
3622
3614
3610
3608
3608
3603
3599
3598
3596
3595
3592
3586
3584
3583
3583
3581
3573
3569
3560
3560
3555
3554
3550
3549
3544
3543
3541
3537
3533
3532
3531
3529
3529
3526
3525
3525
3523
3522
3521
3508
3507
3505
3505
3504
3504
3501
3495
3495
3494
3486
3485
3483
3481
3479
3478
3478
3475
3475
3470
3469
3468
3468
3468
3457
3457
3456
3456
3456
3453
3453
3451
3442
3442
3439
3436
3434
3433
3432
3430
3430
3427
3427
3425
3407
3407
3404
3404
3403
3400
3400
3399
3396
3396
3395
3390
3390
3390
3381
3380
3380
3378
3378
3378
3367
3367
3365
3365
3365
3360
3359
3351
3348
3345
3344
3339
3335
3319
3318
3315
3313
3310
3307
3299
3298
3298
3297
3296
3295
3292
3289
3288
3285
3284
3284
3283
3279
3275
3275
3274
3268
3267
3267
3267
3267
3264
3263
3262
3255
3241
3234
3233
3231
3229
3228
3224
3220
3220
3220
3216
3214
3213
3199
3191
3182
3175
3175
3174
3173
3173
3171
3165
3162
3162
3160
3160
3157
3155
3153
3151
3150
3140
3139
3139
3138
3137
3135
3122
3118
3118
3117
3112
3112
3111
3108
3102
3101
3101
3101
3098
3095
3093
3092
3091
3090
3087
3084
3084
3084
3083
3082
3080
3074
3071
3071
3055
3054
3052
3051
3050
3050
3049
3041
3039
3039
3037
3035
3033
3031
3030
3029
3026
3022
3020
3017
3012
3012
3010
3007
3005
3004
3004
3004
2999
2997
2996
2994
2994
2993
2992
2988
2988
2983
2983
2982
2981
2980
2980
2979
2973
2973
2972
2971
2962
2960
2956
2955
2953
2952
2949
2944
2938
2937
2937
2936
2936
2933
2932
2931
2929
2929
2928
2928
2928
2928
2925
2925
2924
2921
2912
2908
2908
2907
2905
2900
2899
2899
2899
2898
2895
2894
2891
2890
2889
2887
2886
2885
2882
2880
2880
2879
2879
2878
2877
2876
2876
2875
2873
2873
2871
2871
2871
2871
2865
2859
2859
2859
2857
2855
2853
2853
2851
2850
2846
2845
2839
2838
2835
2833
2831
2830
2830
2829
2826
2823
2820
2820
2818
2818
2815
2815
2813
2811
2805
2802
2796
2796
2793
2791
2789
2788
2788
2780
2778
2776
2775
2775
2774
2770
2770
2769
2768
2766
2764
2760
2759
2758
2757
2754
2750
2749
2749
2746
2742
2733
2728
2728
2724
2718
2712
2710
2709
2707
2704
2704
2703
2703
2698
2698
2687
2685
2681
2681
2680
2677
2675
2672
2670
2666
2665
2661
2659
2659
2659
2658
2657
2656
2656
2654
2654
2654
2654
2650
2648
2647
2643
2642
2640
2638
2633
2631
2631
2631
2627
2626
2620
2618
2618
2615
2613
2613
2611
2607
2604
2602
2600
2599
2593
2592
2590
2587
2587
2587
2580
2580
2578
2576
2573
2573
2570
2568
2567
2558
2556
2556
2554
2549
2547
2546
2546
2543
2542
2542
2541
2541
2541
2535
2529
2525
2525
2525
2514
2513
2512
2510
2510
2504
2502
2502
2500
2497
2497
2497
2495
2484
2482
2475
2473
2470
2468
2467
2467
2464
2463
2460
2459
2452
2452
2450
2448
2441
2441
2435
2435
2435
2433
2429
2427
2427
2426
2424
2422
2421
2417
2417
2416
2411
2410
2410
2409
2405
2398
2397
2389
2382
2380
2380
2377
2377
2376
2376
2372
2371
2370
2370
2367
2366
2365
2364
2364
2362
2362
2358
2358
2358
2357
2355
2355
2354
2351
2351
2350
2349
2349
2348
2345
2342
2340
2339
2338
2337
2336
2329
2323
2322
2321
2319
2318
2317
2317
2316
2314
2314
2313
2309
2305
2303
2300
2294
2293
2288
2285
2285
2284
2282
2279
2278
2277
2276
2270
2267
2267
2262
2259
2258
2257
2257
2247
2246
2245
2244
2243
2242
2242
2242
2241
2241
2237
2237
2234
2233
2231
2230
2228
2228
2227
2227
2227
2224
2224
2223
2222
2220
2218
2214
2209
2207
2206
2203
2191
2189
2184
2183
2182
2181
2180
2180
2180
2179
2178
2175
2175
2175
2174
2172
2171
2171
2170
2169
2167
2165
2159
2151
2151
2151
2144
2143
2141
2140
2135
2128
2128
2127
2127
2122
2119
2117
2109
2108
2105
2104
2103
2100
2100
2100
2100
2099
2095
2093
2093
2090
2090
2089
2089
2086
2084
2081
2078
2078
2074
2067
2067
2064
2064
2055
2054
2050
2049
2047
2043
2043
2038
2037
2037
2034
2027
2027
2027
2023
2018
2010
2002
1999
1998
1998
1998
1994
1992
1991
1991
1990
1984
1984
1982
1978
1975
1973
1971
1966
1966
1965
1965
1964
1964
1962
1960
1957
1956
1953
1953
1951
1950
1949
1948
1948
1947
1947
1944
1942
1941
1940
1940
1939
1936
1930
1929
1915
1914
1914
1910
1908
1905
1905
1903
1903
1895
1895
1895
1890
1890
1888
1883
1881
1880
1876
1872
1871
1871
1868
1868
1866
1859
1858
1857
1856
1851
1844
1843
1838
1834
1833
1832
1832
1832
1831
1830
1827
1826
1825
1824
1824
1822
1818
1817
1815
1812
1811
1811
1810
1810
1806
1806
1806
1805
1801
1801
1801
1799
1799
1798
1798
1797
1796
1796
1791
1789
1785
1785
1785
1785
1784
1781
1779
1775
1770
1769
1767
1767
1766
1764
1762
1761
1758
1752
1750
1750
1743
1743
1743
1743
1742
1741
1739
1738
1736
1733
1732
1731
1729
1729
1723
1722
1720
1720
1718
1718
1713
1713
1712
1712
1711
1710
1710
1709
1709
1709
1707
1705
1704
1703
1703
1701
1701
1700
1697
1697
1689
1680
1680
1680
1677
1677
1677
1673
1672
1672
1670
1668
1666
1663
1662
1660
1659
1658
1658
1655
1653
1651
1650
1649
1649
1649
1647
1647
1645
1645
1643
1642
1641
1639
1638
1638
1637
1637
1637
1636
1634
1633
1633
1628
1626
1626
1625
1624
1624
1623
1621
1612
1612
1610
1609
1608
1606
1606
1605
1599
1599
1599
1597
1595
1593
1592
1591
1586
1585
1584
1581
1578
1578
1577
1574
1570
1570
1568
1566
1566
1566
1566
1564
1563
1563
1562
1562
1560
1558
1556
1556
1555
1555
1554
1551
1548
1547
1546
1544
1544
1543
1543
1542
1542
1535
1532
1531
1531
1531
1528
1528
1527
1523
1519
1516
1515
1513
1513
1512
1509
1507
1506
1505
1498
1498
1498
1497
1495
1494
1492
1490
1490
1489
1488
1486
1486
1484
1484
1483
1482
1481
1481
1480
1476
1475
1475
1474
1468
1467
1466
1463
1462
1461
1460
1458
1458
1450
1448
1444
1443
1443
1441
1441
1439
1436
1435
1435
1435
1434
1429
1418
1418
1417
1413
1409
1408
1408
1405
1404
1402
1402
1401
1401
1399
1399
1395
1395
1394
1394
1394
1392
1391
1390
1390
1390
1387
1382
1381
1378
1375
1375
1374
1368
1366
1365
1363
1362
1360
1360
1359
1359
1358
1356
1356
1355
1354
1353
1351
1348
1347
1345
1343
1343
1343
1342
1341
1340
1338
1336
1332
1330
1330
1327
1327
1324
1323
1323
1321
1320
1318
1316
1315
1312
1312
1311
1309
1306
1303
1302
1301
1296
1296
1294
1292
1292
1291
1291
1289
1288
1287
1285
1284
1284
1282
1280
1279
1279
1279
1274
1273
1269
1269
1268
1268
1267
1263
1263
1263
1262
1261
1261
1261
1258
1255
1254
1254
1254
1254
1252
1251
1251
1249
1249
1247
1246
1246
1245
1244
1241
1241
1239
1239
1239
1238
1235
1235
1235
1234
1234
1232
1231
1231
1230
1230
1230
1228
1227
1224
1223
1222
1221
1220
1219
1216
1212
1210
1207
1207
1206
1206
1205
1201
1200
1196
1194
1191
1189
1184
1184
1183
1182
1181
1178
1177
1177
1177
1176
1176
1175
1175
1174
1173
1171
1170
1170
1169
1167
1165
1164
1162
1161
1161
1160
1158
1158
1157
1157
1153
1152
1151
1146
1146
1143
1143
1143
1142
1141
1138
1138
1135
1135
1133
1132
1131
1129
1125
1120
1120
1118
1118
1114
1114
1114
1112
1112
1111
1111
1110
1109
1109
1107
1107
1107
1106
1106
1103
1103
1102
1101
1101
1101
1100
1099
1099
1098
1097
1097
1096
1096
1096
1095
1095
1094
1090
1090
1089
1088
1088
1085
1085
1084
1083
1083
1083
1081
1081
1076
1074
1074
1074
1071
1071
1070
1068
1068
1065
1062
1060
1059
1057
1056
1054
1052
1048
1048
1048
1046
1046
1046
1046
1045
1040
1038
1036
1035
1033
1032
1032
1031
1029
1027
1026
1024
1023
1018
1017
1014
1014
1013
1013
1013
1012
1010
1009
1009
1009
1006
1005
1003
1003
1000
997
996
995
994
994
993
992
992
990
990
986
985
984
982
981
981
977
976
976
975
974
974
974
973
973
972
971
970
970
968
968
967
967
966
963
961
960
959
958
958
956
955
954
954
952
952
952
952
951
951
951
950
950
949
948
946
946
946
943
942
941
941
940
940
939
933
932
932
931
930
930
929
928
927
924
922
921
920
919
918
916
916
916
915
914
913
912
911
910
910
906
906
905
904
903
902
902
901
901
900
900
898
898
898
898
897
897
896
895
895
894
891
890
889
889
889
888
887
886
886
885
884
883
883
883
883
882
881
880
880
879
878
876
875
874
874
874
873
871
871
871
870
869
869
868
867
866
865
863
862
861
861
860
860
859
859
858
858
857
857
856
856
855
854
853
851
850
850
850
848
848
847
846
844
843
842
842
841
839
836
833
832
832
828
828
826
824
824
823
820
819
818
817
817
816
815
814
814
813
812
812
812
811
810
809
808
808
807
805
804
803
802
801
801
800
800
800
800
799
799
798
797
796
795
793
793
792
792
792
792
791
789
786
785
784
784
781
779
779
778
777
775
775
775
775
775
773
773
772
772
771
770
770
769
767
766
765
765
764
764
763
761
760
757
757
756
756
755
755
754
754
753
753
751
751
750
750
749
748
747
746
743
743
739
739
739
738
738
737
737
737
737
736
736
735
734
733
733
730
728
727
726
726
726
724
724
723
723
723
723
721
721
720
720
720
719
719
718
718
718
716
716
715
714
713
713
712
712
712
711
710
710
710
709
708
708
707
705
705
703
702
700
699
699
699
699
699
698
696
696
693
693
693
691
690
689
688
688
688
687
686
685
685
684
684
683
683
683
682
682
682
681
680
677
677
676
676
675
674
674
672
672
672
672
672
671
671
670
670
670
670
669
669
669
669
669
668
668
668
667
666
666
665
664
664
663
663
662
660
659
659
658
656
656
656
655
655
655
655
655
655
654
654
653
653
653
651
651
651
650
650
649
649
648
647
647
647
647
646
646
645
644
644
642
642
640
640
638
637
637
637
637
637
636
636
634
633
630
630
629
629
629
629
629
624
624
624
624
624
624
624
623
622
622
622
621
621
620
620
617
617
616
616
616
615
615
615
614
614
613
612
611
611
610
610
610
610
609
607
606
605
604
604
604
601
601
601
599
597
596
596
596
596
595
594
593
593
592
591
590
589
588
588
587
585
585
585
585
584
584
584
583
582
581
581
580
580
580
579
579
579
579
577
576
576
575
574
573
573
572
572
571
571
570
570
569
568
568
567
567
566
566
566
566
564
564
564
564
564
563
563
562
562
561
557
556
555
555
555
554
554
553
553
550
550
550
549
549
548
548
547
547
546
544
544
544
543
543
541
541
538
538
537
537
536
535
534
533
533
533
533
532
532
531
531
530
527
527
526
526
525
525
525
525
524
522
521
521
520
520
519
516
516
516
515
515
515
515
515
514
514
514
513
513
513
512
512
512
511
511
510
510
510
509
509
508
508
507
507
507
506
506
506
505
505
505
505
504
504
503
503
502
502
501
501
500
500
500
499
499
498
498
497
495
495
494
494
493
493
491
491
491
490
489
489
489
488
488
487
486
485
484
483
482
482
482
481
480
479
479
478
476
476
476
473
472
472
472
470
470
470
470
469
469
468
468
467
467
466
466
465
465
464
464
463
463
463
462
462
462
461
461
461
461
460
460
459
457
457
456
456
454
454
452
452
452
450
450
450
450
450
449
448
447
447
447
447
446
444
444
444
443
443
443
442
442
440
440
440
439
439
437
437
436
436
436
436
435
434
434
434
434
433
433
433
433
432
431
431
431
430
430
429
429
427
427
426
426
426
426
425
423
423
423
422
422
422
422
421
421
420
420
420
419
419
419
419
418
418
417
416
416
415
414
414
414
414
413
412
411
411
410
409
409
409
408
408
408
408
408
406
406
406
406
405
403
403
403
402
402
402
402
401
400
399
399
399
398
397
397
397
396
396
396
395
395
395
394
394
393
392
392
391
391
391
391
391
390
390
389
388
387
387
387
387
386
385
385
384
383
383
383
383
383
383
383
383
382
382
381
381
381
380
378
378
378
377
377
376
376
374
374
374
374
374
371
371
371
371
370
369
369
368
368
367
366
366
366
366
365
364
364
364
363
362
362
362
361
361
359
358
357
356
356
356
355
355
354
354
354
354
354
354
354
353
353
353
353
352
352
352
352
351
349
348
348
347
347
346
346
345
345
345
345
345
345
344
344
342
342
342
341
341
340
340
340
339
339
339
338
338
338
337
337
336
335
335
335
334
334
333
333
333
333
332
332
332
331
330
329
329
329
329
328
327
327
327
327
327
326
326
324
324
324
324
323
323
320
320
319
318
318
317
315
314
313
312
312
312
312
311
311
311
311
310
310
309
309
309
308
308
308
307
307
307
307
307
306
306
305
305
305
304
304
304
304
304
303
303
303
303
303
303
302
302
302
301
301
301
299
298
298
298
298
298
298
297
297
297
297
296
296
295
295
295
295
294
294
293
292
292
292
292
292
292
292
292
292
292
292
291
291
291
291
290
290
288
287
287
287
287
287
287
286
286
286
285
285
285
284
284
284
284
283
283
283
283
283
282
282
282
281
280
280
280
280
278
278
278
278
277
276
276
274
274
273
273
272
272
271
270
270
270
270
270
270
269
269
269
269
268
268
268
268
267
267
267
267
266
266
266
266
265
265
265
265
264
264
264
263
263
262
262
262
262
261
261
261
261
260
260
260
259
259
259
258
258
258
258
258
257
257
256
256
256
255
255
255
255
254
254
254
254
254
253
253
253
252
252
252
252
251
251
250
249
249
248
248
247
246
246
246
245
245
245
245
245
245
244
244
244
244
243
243
242
242
242
241
241
241
240
240
239
239
239
239
238
238
238
238
237
237
236
236
235
235
235
234
234
234
233
233
233
233
232
232
231
231
231
230
230
230
229
228
228
228
228
228
228
227
227
227
227
227
227
227
226
226
226
225
225
225
225
225
224
224
223
223
222
221
220
220
220
219
219
218
218
218
217
217
217
217
216
215
214
214
214
214
213
213
212
212
212
211
211
210
210
210
210
210
210
209
208
208
207
207
207
207
205
205
205
205
204
204
204
204
203
203
203
202
201
201
201
200
200
200
199
199
199
198
198
198
198
197
197
197
197
196
196
196
196
195
195
194
194
194
194
193
193
192
192
192
192
192
191
191
191
191
191
191
190
190
190
190
190
190
189
189
189
189
188
187
187
187
187
186
186
186
186
186
185
185
185
185
184
184
184
184
183
182
182
182
181
180
180
180
180
180
179
179
179
179
179
178
178
178
178
178
178
178
178
177
177
176
176
176
176
176
175
175
175
175
175
174
174
174
174
174
173
173
173
172
172
172
171
171
171
170
170
170
170
170
169
169
169
169
168
168
168
166
166
166
166
166
166
166
166
166
166
165
165
164
164
164
163
163
163
163
163
163
163
163
162
162
162
161
160
160
160
160
160
160
159
159
159
159
159
158
158
158
158
158
158
158
158
158
158
158
158
157
157
157
157
157
157
157
156
156
156
156
156
156
155
155
155
154
154
154
154
154
153
153
153
153
153
152
152
152
152
152
152
152
151
151
151
151
151
151
151
150
150
150
150
149
149
149
149
148
148
147
147
147
147
146
146
146
146
146
145
145
145
145
145
145
145
145
145
145
144
144
144
144
144
144
144
144
144
144
144
144
144
144
143
143
143
143
143
143
142
142
142
142
142
141
141
141
140
140
140
140
140
140
140
140
140
139
139
139
139
139
139
139
139
139
139
138
138
138
138
138
138
137
137
137
136
136
135
135
135
135
135
135
135
135
134
134
134
134
134
133
133
133
133
132
132
132
131
131
131
131
131
131
131
131
130
130
130
130
130
130
129
129
129
128
128
128
128
127
127
127
127
127
127
127
127
127
127
127
127
127
126
126
126
126
126
126
126
125
125
125
125
125
125
125
124
124
124
124
124
124
124
124
124
123
123
123
123
123
123
123
123
122
122
122
122
121
121
121
121
121
121
121
121
121
120
120
120
120
119
119
119
119
119
119
119
118
118
118
118
117
117
117
117
117
117
117
116
116
116
116
116
116
116
115
115
115
115
115
115
115
114
114
114
114
113
113
113
113
113
112
112
112
112
111
111
111
111
111
110
110
110
110
110
110
110
110
110
110
110
110
110
109
109
109
109
109
108
108
108
108
108
108
108
107
107
107
107
106
106
106
106
106
105
105
105
105
105
105
105
105
104
104
104
104
104
104
104
104
103
103
103
103
103
103
103
102
102
102
102
102
102
102
102
102
101
101
101
101
100
100
100
99
99
99
99
99
99
99
98
98
98
98
98
98
98
98
97
97
97
97
96
96
96
96
96
96
96
96
96
96
96
96
96
96
96
95
95
95
95
95
95
95
94
94
93
93
93
93
93
93
92
92
92
92
92
92
92
92
91
91
91
91
91
90
90
90
90
90
90
90
90
90
89
89
89
88
88
88
88
88
88
88
88
87
87
87
87
87
87
87
87
87
87
87
87
87
87
87
86
86
86
86
86
86
86
85
85
85
85
85
85
85
85
85
84
84
84
84
84
84
84
84
84
84
83
83
83
83
83
83
83
82
82
82
81
81
81
81
81
80
80
80
80
80
80
80
80
80
79
79
79
79
79
78
78
78
78
78
78
78
78
78
78
78
78
77
77
77
77
77
76
76
76
76
76
76
76
76
76
76
76
75
75
75
75
75
75
74
74
74
74
74
74
74
74
74
74
73
73
73
73
73
73
73
73
73
73
73
73
72
72
72
72
72
72
71
71
71
71
71
70
70
70
70
70
70
70
70
69
69
69
69
69
69
69
69
69
69
68
68
68
68
68
68
68
68
68
68
68
68
68
68
67
67
67
67
67
67
67
67
67
66
66
66
66
66
66
66
66
66
66
65
65
65
65
65
64
64
64
64
64
64
64
63
63
63
63
63
62
62
62
62
62
61
61
61
61
61
61
60
60
60
60
60
60
60
60
60
60
60
60
59
59
59
59
59
59
59
59
58
58
58
58
58
58
57
57
57
57
57
57
57
57
57
56
56
56
56
56
56
56
55
55
55
55
55
55
55
55
55
55
55
54
54
54
54
54
54
54
54
54
54
54
54
54
54
54
53
53
53
53
53
53
53
53
52
52
52
52
52
52
52
52
52
52
52
52
52
52
52
51
51
51
51
51
50
50
50
50
50
50
50
50
50
50
50
50
50
50
50
49
49
49
49
49
49
49
49
49
48
48
48
48
48
48
48
47
47
47
47
47
47
47
47
47
47
46
46
46
46
46
46
46
46
46
45
45
45
45
45
45
45
45
44
44
44
44
44
44
44
44
44
44
44
44
44
44
43
43
43
42
42
42
42
42
42
41
41
41
41
40
40
40
39
39
39
38
38
38
37
37
36
36
36
35
35
35
34
34
34
34
34
34
33
33
33
33
33
33
32
32
32
32
31
31
31
31
31
31
31
31
31
31
31
31
30
30
30
30
30
30
30
30
29
29
29
29
29
29
29
29
29
29
29
28
28
28
28
28
28
28
28
28
28
27
27
27
27
27
27
26
26
26
26
26
26
26
26
26
26
25
25
25
25
25
25
25
24
24
24
24
24
24
24
24
24
24
24
23
23
23
23
23
23
23
23
22
22
22
22
22
22
22
21
21
21
21
21
21
21
21
21
20
20
20
20
20
20
19
19
19
19
19
19
19
19
19
19
19
19
19
19
18
18
18
18
18
18
18
18
18
17
17
17
17
17
17
17
17
17
17
17
17
17
17
16
16
16
16
16
16
16
16
16
16
15
15
15
15
15
15
15
15
15
15
15
15
14
14
14
14
14
14
14
14
14
14
14
14
14
14
13
13
13
13
13
13
13
13
13
13
13
13
12
12
12
12
12
12
12
12
12
12
12
12
11
11
11
11
11
11
11
11
11
11
11
11
11
10
10
10
10
10
10
10
10
9
9
9
9
9
9
9
9
9
9
9
9
9
8
8
8
8
8
8
8
8
8
8
8
7
7
7
7
7
7
7
7
7
6
6
6
6
6
6
6
6
6
6
6
5
5
5
5
5
5
4
4
4
4
3
3
3
2
2
2
2
1
1
0